-3.346691 -0.288793 0.661019
-2.499515 -0.381349 0.137823
-1.654414 -0.584275 -0.356775
-0.829124 -0.489814 -0.913523
0.168377 -0.517777 -0.978410
0.987020 -0.765420 -0.460249
1.741729 -1.296909 -0.075637
2.515302 -1.861408 0.212331
3.315950 -2.363322 0.539520
4.301813 -2.230702 0.437128
5.100345 -1.676096 0.203100
5.502103 -0.817712 -0.115941
5.755602 0.148787 -0.155755
5.410012 1.080777 -0.046483
4.615944 1.676654 0.073430
3.637577 1.536173 -0.078432
2.746220 1.417844 -0.516019
1.784369 1.235761 -0.311811
0.865551 0.981460 -0.009978
0.303478 0.168016 0.139613
-0.222534 -0.678975 0.216556
-0.943814 -1.295221 -0.099664
-1.666697 -1.985109 -0.138279
-2.641093 -2.197886 -0.065643
-3.636502 -2.282498 -0.110410
-4.569906 -1.924630 -0.084126
-5.299124 -1.243339 -0.020198
-5.882457 -0.436489 0.073097
-5.938821 0.548556 0.235946
-5.163761 1.161644 0.388930
-4.389976 1.710418 0.072531
-3.444742 1.917283 -0.179919
-2.480442 2.098246 0.013447
-1.529672 2.406196 -0.021042
-0.601707 2.086316 -0.212268
0.363269 2.213897 0.016965
1.186718 1.872866 0.470430
1.657192 1.055058 0.801858
2.309126 0.406231 0.409409
2.473294 -0.404462 -0.152570