   0.0000000000   0.0000000000    0.0000000000
   0.6974190825   0.5945454726   -0.4001528513
   0.8735105362   1.5241276719   -0.7239872760
   0.5067597378   2.4481426039   -0.8321087692
  -0.3247641602   2.9391709714   -0.5723797773
  -1.1747476875   3.4597864081   -0.4918343212
  -1.3130990597   4.0233902397    0.3225425073
  -1.1177600419   4.6336099146    1.0903150104
  -0.4735873410   4.1468003096    1.6802793652
   0.1248538776   3.3562774604    1.5501189533
   0.4364635954   2.6581400210    0.9055233441
   0.7169754352   2.0701741151    0.1468342107
   0.0123834921   1.4405438821   -0.1804515412
  -0.1630863514   0.7848658231   -0.9148197165
   0.3984275736   0.0219507573   -1.2352299448
   1.3592788112   0.0316560771   -0.9583351890
   1.7669844308   0.7805686335   -0.4359310250
   1.5045288705   1.4026731900    0.3017023526
   0.6029252550   1.0885358610    0.5990719192
  -0.1394357522   1.7154647079    0.8354198743
  -0.5613963450   2.6188658347    0.7591593852
  -0.2119588925   3.5125081126    0.4775622510
  -0.3563974741   4.4083003847    0.0572127519
  -1.1873261883   4.9443765490   -0.0917161501
  -2.1706628415   4.8648171848    0.0717443468
  -2.3419959559   3.9980401218    0.5400844871
  -1.9391664039   3.0871857789    0.4502361818
  -1.2651712076   2.4745407313    0.0374450468
  -0.7675789527   1.9688249727   -0.6672914425
  -0.2241949254   1.9229774943   -1.5055227993
   0.6604747490   1.5179464413   -1.7364111128
   1.4056496911   0.9590363216   -1.3726340056
   1.9395350214   1.6560814784   -0.8939958297
   1.8805032960   2.5911971596   -0.5446050481
   1.3703924567   3.3831174037   -0.2089724237
   0.4052982547   3.5985760848   -0.3578708383
  -0.3732490529   3.9706030947   -0.8633013417
  -1.1155461794   4.5630098436   -1.1764294623
  -1.6246083765   5.3640068618   -1.4914841500
  -2.1207223892   6.1701635639   -1.1690213490
